$ANSIBLE_VAULT;1.1;AES256
66373866663666303436613962623561383637623432346336323638336432616338323232393662
3462363564636531643963333564303931326661333730300a636235303635363933646430613464
63353132366461353137386539383539663136633232613434303736626266306466643731663766
6632613330373563320a336539666464336234653732643862666332323133626634636438306362
61316662633031373037393136613964623866636532626330613033343533346163356234373633
35613835663633613238373839353535313238663231306538663832303961643937633662333933
34353364333539376365656532353965353862363231663134623764663762346365626639626435
39353333343133313131663165326637643563636238663466343634303835653666343036333537
36303539636663323564373236353962646437323565346165303734303137303030653638306337
64666435636232646636386130373561323935633465353435326536656666613538336563666232
63393036373264393365666431623932323561373264643538666439626635326363316634363333
64343335383036356266343963323833343835626131663265643234643833326131623530333630
37333236656166356265656436386535316661636333323862323039663965306135393964333263
65363534393736356535353333353061623631633336393532626439303337343565336537376536
30313535626638373864323532656232353634336562316531346563353236313665383063653265
61303334643433303066363466323332363663363836366434393239646234303565393733633339
30646362366461643062363934626531393435623633613739666335396434306335636639626631
35323563653061323634613262366631633462343835643337346666336337323336633237373438
34626331376430313234663239393865616437633863663934343939653535326661393738666161
38363735656461643163363636316434356334376363356239313030626537306633313239353435
32343133326133613064376230366337326232663261613733633764303934616361346563633634
62303634323832383366366337623632373738633532373833393832356265373037366634336563
36313335656639346536353964646631346564653131356235373836666431303631383437323564
61343034636632633334313039333135613361646330313433643732333131333331363366633831
66333735323337353736333134343864636133643637646561646433333764333338663435306634
30313766656530663065356637626633316464343561656436313830326336343835366333626638
33356137323434373134333930633236633531643963303361323634323663303830353866313433
31626234303537636266643563326265623166643364643032343038386261646164636463653833
34663836633135653737386264343234326538613165363633616565666135313137336432646661
66353432633332316161666165366561653735636235393166363037653134306566663133376632
32303836393165303432636634383266663434663135663335343836666262333233363263353366
30333663346339326438623666343563383436633334363363373030623235383263626537323834
66663266306539376536313934353139643262613763303430336165613463373866373236356161
36666233373566623065373531353861656133613637623365313164393161626261326333643830
64636132346538346137323531346132653431366436333533323232336561366561623063366431
39363936623766626435626531383133313134323632326466623034376138306531326338663435
39323732663063343361386162306330633662396564373337316334303532626231303431623264
34313263306539626535373133656461613332303561343337646266326463646533323132373865
33663936343566363866613164353038623938623634646430626132343137376532353233306532
38313032616335396334316135646138376364393134313133333637623930323766393331636633
33373637363832396532326136396366303462613361396134663833306338363131636131663339
33346166373431633637653438303661663333326238626338653735306433336165373261323161
30313531643461623264636461633032613036383232663838643839346230643566666263323066
63313338613332636631323165366263323334396536333031643437323738646666653834663964
63366533656335346465636639653531323666343139663835363363356362626465383639343062
39306133366231373032623537633765613634636632613761646433643233323234306538663933
38663030666163333762336666336231626264646138653561333730626430356137343561626631
33336435656662666339383533366332663661393766653136333866336561353732316264316634
32653862313434646431333462636266623663626466336465653965343462363633393533376163
66613735343530366362656536373265343236316332613334393761323034353035616136646537
38396236363838636435363032616232343938326364623862373262343139386362353265356263
39633636643465666263663132633137666437616661383364613034366330613332653462656135
35393466626361646661363638386333343362656565666364653435373738363262376634363539
66353432396263303164643634646664386639386131366430323065613238633063626433663731
65636366363933386530333061333333386232346133653832356134323466396439626330326132
32346430636631353532613931623639383438323731336263643164363861346438303239363738
35373434396532343934383138643035313034353965656665326231636262383762353933326538
66323438303663353736303932613562323834373461616336373737643131376138393839393730
39623238316237643065373566613862386435356331643131356430343437613361333535303630
30623435616430396634353361343136616465353432366530623032366163363764366536646239
66646663306362313639393664613536353366656265316363656530303533323438646361626237
61363862356462626238666336343139323265373937323761366438326231666637396363303431
35643336613031356465363336386338356239626134303535333265636132613863636435666166
32303638343866323938356638336266336239663064663137373431393130653535316363623863
62373061353962313037383063653033646136306164666331643636393964373531393631356536
65646633383263653137343564373861313166623463386233623862366232303263383162663430
38373632383137626331623236326461336238386230626636316661336236316530343961373862
61613533643165323636303539636530616465313731366432303735653566666366326231333065
61633065353761643530663438363665336530653135616237323434643939333935353030313239
63656633623832366338323935663761646465393537633634613237623932393763343836663435
38323831653833643537663436656364383366636331623262363830376230373236303832656564
39393064383566353338633339346266306364636465633965343230643831376162636133396461
34333233616462666131323636306433343465313137633433643438303762333561656263643762
66623765353337393338636433383137633732613439326162326633326239326631316239626465
38393633336263616531646339653763366235633565663864666466626132613931313866313035
63393030633736343534353364316637373231623631613439363462313838393635383939346139
38353737663664383865373531613934343135343431323332353962326437383063643163303466
37313338656265633065383933356334333938376361666536373830343461313862653064396531
33613239346364353263613937366337656464383439653731653837313366356130656330396538
63646339356334356532346364353136646363383837383437386135633766323639393339343564
36383930666432666138643638343765356164316537666534333236636236323863636430316636
38373036623935656635353464633731616163646439343334336662613466396233333130393362
32623336666534636435656261363732313032633933396537383733663961663662323136383335
37626465656230313566373635633530323463396539396564393532323862373937626264383362
34383863373564663766363965306261663132313938623965376166626262353464393766383133
64323862616133303461386435656538333666313338316439396232396265653734373066323862
65623061366239666235646162393266333362653330643964663635383739316438336637396566
33616637613663303064626234356236623738643161393337393138633965316562333465656165
64653461326261633434366338393335623930366333306264383166306564306266613432313530
65346232373337343039626163663665346530383933356437613164646338373338643430356337
61383761373132333738343633313531633439363862623563623039656431383830626435373130
35333935343738303633663233643835616563336433626539333734346235303337333334383261
66306461343138633434636230386265356333646263646537616532333462323563623635366266
30616537323531636666376264373466623961343435393432326531623566336436633239663335
36656365663134303063613935373236383964633638613131383332653262316362326566393266
38313236333631663932363136383337386532646362316431623038663266383436326564643366
62323134636337653665643832626665316631336239363963306438383765666164303232316237
62343930346333346438623165313530306239396465626138616432663536333231316233373136
34313863313934636162323331396133393634353631373166313236643733623432353734643036
62396136663338373265656232353033316431356566326437323031303466303966323861376633
30633032323435633935363130623930383134666132386630643834613239386361663234373763
62306464333630383639363430386661366234383161363832656537303336363031323765376537
62636361323663363033623465333964636538623331333038646139346438613264356234306334
61616232623933326364626336613734613365656462323231653733353366353738626663346231
32656163666464306238353038643333316134623530613662396465613634633933623835346136
33353232303836383365656434663463356563393762636637383733356130326661616533366661
33626165643232393363316436623735313965666164633639663965636462343634313732633232
61356533303661366234623938386566633430313937363538643263313936336462663561613462
31366563336630643438653138653865343262316334633065653662306163653734396465363464
33663031306531666562343934333164353666353530303461396330613230326634656639356339
38636564643934386236656337343933396235633634656238383163663866636533666134363137
64393239656664663030343530396632346231323638663938663465623965303263633662333639
61316632323866313136336633636664306232356638636237653165323262366464643037666431
38656336383038633562656664333265643833363137366263653165636332643334313763613161
62613634633836656237356265643639666664326635323233326530663166363363346463306664
39666362353039386566326665643466623239303836623031666261313965313639396161326664
35373338343263663635633835383938333762623361386536333963326363613330383936393464
36313034303637663831336264386166663761313735656636613663636537383565316263323962
65653330616638363832663730336263653435363538323865383033373664666630623161393930
33616663656130323033623232326134396330306363616531346239636633363633336435633465
62366263383937373463633237313033633862356431366663313562333630626530393236386532
33323431343662663037316262633465666461303433643164616532663636373138373738393630
32313665383238643639393335663631323763386431333535646232663463306664363964666264
33303563643636316362303538646235666631386137326362643633373530333631323233623236
35643936656634626165363130373435393036613232346265643531306334653332376533326662
63386234313061613337336236373663633764633239666130616164366332393861636363653163
62636262323266646365663738643930323763303961653061336130383233373831303536613038
38306262626631333138633130663435343762326666363563366235666364343266373963343933
36633164393666383964663166353530393430646166373433663665313234386464333462336534
35663163633836643362643764616234323835323366306664376633623865663335623932376138
37323139643763636462323264633632393530633636636262663036636230616330333565333133
65303737393235373166626164366532653739633164353936313132353765316561343562386334
30383266316634616133323531666364363333303632386661653163623436303430633165356463
61316665616563333330323530353531353032333430306635623761343733626538373266623932
623164393162396666303061653563623562
